3,387,104,112,118
4,627,114,131,146
5,413,137,147,183
6,571,102,115,125
4,610,100,116,131
9,414,111,144,169
6,584,103,117,127
4,578,108,125,140
4,600,103,118,132
7,392,113,137,154
9,380,110,144,173
1,352,104,118,132
7,360,106,132,152
8,373,104,138,170
1,343,101,116,131
1,349,101,117,132
4,588,105,120,133
8,359,101,138,172
4,623,107,124,139
4,626,109,126,140
6,590,102,116,129
1,358,102,116,131
7,393,111,129,145
9,445,112,142,166
2,424,104,121,133
7,355,105,126,142
3,385,106,115,121
6,553,101,114,127
-1,424,98,165,204
8,376,94,130,167
6,570,99,111,121
9,418,111,140,164
9,415,110,142,165
8,390,98,133,170
1,366,108,122,137
5,519,126,143,173
5,475,151,156,196
1,319,102,115,128
4,563,104,120,136
8,401,96,133,170
4,598,109,126,141
1,369,101,115,129
4,600,108,125,138
3,412,102,111,118
7,395,103,125,146
7,383,105,121,139
-1,269,94,152,194
5,480,131,141,179
-1,414,85,134,166
6,575,101,111,120
9,428,111,139,163
1,381,103,118,134
5,552,122,140,173
8,368,90,123,161
2,497,111,127,140
-1,358,101,160,199
6,558,99,113,125
2,475,110,127,139
-1,420,86,141,171
6,576,102,116,128
5,513,126,141,175
3,413,103,111,117
6,567,100,114,127
3,401,105,114,120
5,472,125,142,175
3,412,105,113,120
4,570,103,118,131
1,344,107,122,139
7,398,114,136,154
9,362,108,139,170
4,624,101,116,129
7,368,106,130,152
1,340,102,116,131
8,368,91,130,173
5,569,140,151,192
7,361,105,126,144
8,361,99,133,169
3,386,106,114,122
1,371,105,120,134
8,394,98,137,171
6,568,101,114,124
8,381,99,136,173
3,401,102,111,117
3,428,102,111,118
1,327,105,120,134
8,368,99,134,168
5,505,156,161,197
5,558,139,151,188
3,462,108,116,122
2,437,107,123,136
8,367,96,137,171
3,445,104,113,120
2,408,106,120,133
4,624,101,117,129
2,439,107,123,136
9,368,107,139,170
9,419,106,142,179
3,389,107,116,124
7,391,111,131,151
8,393,92,131,165
2,445,106,122,133
9,448,120,145,159
9,418,114,144,165
9,450,109,137,160
5,501,131,145,182
9,413,110,143,167
7,368,104,127,149
-1,261,104,159,199
2,462,103,120,132
5,497,137,148,182
6,536,101,116,127
1,313,101,114,128
-1,269,98,151,192
3,421,100,110,116
2,465,105,121,133
4,566,98,114,126
4,615,101,119,134
9,398,105,140,171
9,389,111,138,162
-1,343,92,124,180
1,353,104,118,131
2,422,104,119,131
6,556,102,117,130
9,431,104,138,170
8,349,90,126,161
3,411,103,111,117
6,551,100,113,124
3,404,106,115,122
2,427,103,119,130
1,342,106,120,134
8,374,92,126,167
3,408,102,111,117
7,381,107,129,151
2,431,100,115,124
6,534,98,110,121
8,384,94,130,167
6,538,102,113,123
1,357,103,119,133
2,455,102,120,132
8,346,96,127,165
6,571,100,111,120
9,401,107,137,164
1,363,106,121,136
7,395,118,138,157
6,575,101,116,127
2,465,110,126,138
4,564,105,121,134
5,551,148,159,198
5,524,125,140,174
3,424,101,110,118
2,454,106,120,130
1,343,101,114,129
2,461,107,123,134
1,356,108,124,139
-1,454,85,134,167
9,402,102,139,173
8,385,94,129,164
4,569,109,126,142
2,437,103,117,130
9,444,99,134,166
1,353,103,118,132
6,575,101,116,128
9,432,115,140,160
9,445,113,146,169
4,614,106,123,139
4,599,106,122,137
5,527,152,160,198
8,346,97,133,168
1,328,107,121,137
8,373,98,133,166
3,430,104,113,120
2,462,107,123,135
9,384,103,139,171
6,544,101,115,126
-1,404,86,144,174
7,413,107,131,150
2,495,103,119,133
4,561,107,124,137
3,397,105,113,119
7,393,109,133,154
3,394,102,110,116
6,576,104,119,131
5,487,129,145,173
7,378,102,123,146
6,556,99,113,124
5,488,148,155,193
6,570,102,115,124
4,593,106,122,137
9,441,110,142,165
6,516,103,116,129
8,348,90,128,157
3,418,106,114,121
2,453,105,121,134
9,407,103,136,166
8,375,95,129,172
3,395,98,106,114
7,401,113,135,155
3,396,105,115,123
9,437,107,136,161
4,601,101,117,132
3,440,105,113,120
1,337,102,117,132
6,547,102,117,130
5,463,118,139,167
1,343,106,121,137
2,461,106,122,136
5,453,125,147,176
6,569,99,113,124
6,566,100,113,124
9,407,102,138,171
2,437,107,124,137
6,578,102,113,124
5,455,126,150,175
5,466,156,163,201
3,386,105,115,122
4,606,109,126,140
8,343,89,127,160
2,460,108,127,141
5,524,124,146,175
-1,443,99,165,207
4,625,110,126,141
4,595,107,122,136
9,383,102,136,166
4,619,100,117,131
8,391,98,130,169
2,445,102,117,129
3,391,104,112,118
7,389,104,124,144
6,532,101,112,123
4,623,108,122,136
9,427,111,138,157
9,402,115,150,173
6,556,101,115,126
6,581,100,115,127
8,371,94,130,165
4,594,108,123,136
6,560,99,115,128
7,370,105,128,147
1,359,102,117,132
1,343,106,122,137
2,473,106,121,133
9,368,112,147,175
3,412,102,111,118
4,629,101,117,132
2,465,105,122,135
7,425,115,138,155
4,622,102,119,133
-1,357,90,121,180
3,426,102,109,114
6,581,101,114,126
5,510,128,143,176
5,471,140,149,190
-1,333,88,120,176
6,552,104,119,129
8,336,93,130,163
3,427,106,114,119
6,533,103,116,128
6,557,101,112,123
7,373,109,131,148
7,328,104,127,147
7,383,116,138,158
1,354,104,120,134
1,333,106,122,138
5,453,154,161,196
6,543,99,114,126
5,509,134,145,186
6,554,99,111,121
6,553,104,115,126
4,592,109,125,139
4,582,113,130,143
6,555,100,113,123
9,392,104,135,161
5,588,142,153,194
4,605,103,119,133
5,483,143,151,192
5,512,140,147,189
4,589,107,125,138
5,571,121,138,169
8,329,95,127,161
6,593,104,118,130
1,347,105,120,135
5,533,144,151,193
1,338,102,118,133
4,587,109,126,140
9,407,117,153,176
9,416,109,141,166
3,389,101,109,115
-1,199,104,156,196
4,610,99,115,130
2,419,103,121,134
1,366,104,118,131
6,551,102,112,124
3,417,98,108,114
2,429,106,121,134
8,358,88,121,158
1,330,105,120,133
8,399,98,132,169
4,616,108,123,138
6,582,100,113,125
6,571,101,113,125
8,341,94,132,163
7,387,111,128,139
2,459,103,120,133
8,352,97,134,170
7,401,106,129,150
3,409,106,116,124
6,502,99,110,118
3,415,101,108,114
5,463,141,150,188
4,540,105,120,135
9,397,109,137,162
7,360,111,135,156
5,496,130,143,179
-1,433,93,141,171
2,421,103,118,130
2,461,104,119,133
7,369,113,131,146
7,397,106,126,145
9,428,108,138,160
4,616,100,118,132
4,562,99,113,127
8,392,92,126,164
6,521,102,114,126
8,375,99,133,170
9,383,104,141,176
-1,453,90,139,172
1,346,103,117,130
3,385,103,112,119
9,387,109,142,171
9,425,103,137,168
4,585,107,123,139
8,356,98,136,169
4,650,98,114,129
3,439,105,112,118
8,341,92,128,165
8,358,84,121,149
-1,401,76,139,171
2,463,103,118,130
6,596,101,115,127
8,346,96,133,168
3,374,104,112,119
3,436,106,112,118
6,540,98,109,118
1,340,106,121,136
8,370,97,124,168
2,449,100,118,130
4,614,100,117,132
7,395,108,131,147
4,586,99,115,130
9,381,107,137,161
4,644,111,129,143
1,384,104,120,135
3,424,105,115,122
1,345,106,120,134
7,393,114,135,153
7,393,109,129,147
9,408,113,142,163
5,520,128,145,177
8,383,95,127,161
3,449,107,113,118
5,534,138,147,187
3,392,103,110,116
2,433,107,123,134
2,453,104,119,131
6,530,100,113,123
7,380,112,132,148
6,529,102,117,126
1,358,108,122,137
5,537,138,149,187
8,380,100,128,177
6,503,100,114,124
6,496,99,111,121
8,380,93,128,164
8,387,93,127,168
3,438,105,112,118
2,454,108,124,138
3,437,105,112,117
9,362,109,145,182
6,575,104,115,126
4,580,106,123,135
5,533,144,153,193
3,433,104,112,120
9,456,111,138,161
6,539,102,115,126
8,399,106,142,173
7,396,103,125,146
8,377,97,131,165
4,607,102,118,134
1,319,103,119,134
7,404,111,131,149
2,478,104,122,133
2,436,110,125,137
6,568,102,115,125
6,551,102,116,129
9,401,109,138,163
-1,255,93,151,195
8,355,98,133,168
4,613,101,118,133
2,455,109,124,137
1,351,105,120,134
1,382,102,117,132
2,468,110,126,138
1,356,105,121,137
2,441,104,119,132
8,307,95,128,160
2,425,105,120,133
1,339,104,119,134
5,453,128,150,178
1,326,104,119,135
3,385,103,111,119
5,494,133,147,179
6,545,99,111,121
8,380,95,130,172
2,447,105,120,133
9,356,107,139,169
9,405,103,137,167
7,404,113,131,147
9,369,108,135,159
3,478,107,115,123
9,386,121,153,175
7,411,110,134,149
-1,344,91,118,174
5,480,142,151,187
4,590,101,114,128
2,452,107,124,136
7,424,110,131,150
3,418,104,112,118
2,460,103,121,131
3,423,101,110,116
7,409,114,137,154
9,435,108,136,160
8,320,98,131,166
4,621,107,123,137
7,379,107,128,147
5,567,143,153,194
6,587,103,117,128
5,552,136,147,182
6,555,99,111,121
3,406,104,112,119
8,354,90,124,159
5,475,143,152,190
3,402,106,115,124
9,402,106,139,168
4,608,100,115,130
6,552,100,116,128
3,408,104,111,118
9,403,107,145,176
4,568,102,119,134
2,447,104,119,130
3,462,103,111,116
5,544,119,146,171
1,363,104,119,135
4,579,111,127,141
4,588,110,126,140
8,322,101,134,173
2,455,110,126,138
4,618,108,124,138
5,535,137,147,187
1,359,102,119,134
3,400,106,114,120
4,612,104,121,134
5,531,143,149,192
2,424,106,121,133
5,535,145,158,193
4,597,107,124,137
8,366,90,129,160
2,513,105,121,133
2,449,107,123,137
5,544,136,146,189
6,569,104,115,126
4,609,100,114,128
1,363,107,125,141
1,368,105,121,136
9,397,101,138,170
4,586,100,115,131
3,448,104,114,122
6,577,101,114,126
1,357,103,118,133
3,455,103,110,115
5,536,119,137,167
4,583,108,124,138
1,308,99,112,127
-1,414,112,173,207
8,352,91,130,163
6,593,100,115,128
1,345,101,115,130
2,415,107,121,135
1,311,102,117,133
3,415,103,111,118
7,423,117,140,157
6,535,100,112,122
8,385,94,129,165
9,397,104,140,175
3,409,104,112,118
7,391,108,129,150
6,554,100,112,122
9,361,110,143,171
6,543,98,109,118
9,432,117,145,163
4,627,108,124,138
7,339,110,129,146
9,413,112,145,168
2,419,105,120,133
-1,340,92,121,179
2,450,101,118,130
3,432,106,114,121
7,381,111,132,149
-1,420,103,164,206
8,363,91,126,158
4,637,101,118,136
9,414,111,141,166
2,463,105,119,130
3,440,105,111,117
-1,454,94,164,208
9,386,108,138,163
1,367,107,122,137
2,442,101,117,129
6,555,100,114,125
5,502,141,154,188
1,382,102,118,135
3,414,105,113,118
9,430,115,140,156
3,431,103,113,119
4,580,103,119,135
5,533,133,144,180
4,606,100,116,131
5,488,145,152,189
1,353,106,121,136
1,367,104,120,134
9,391,117,149,171
8,393,90,128,164
1,346,102,117,131
8,364,95,134,166
3,418,103,111,117
7,391,110,133,154
5,482,142,152,189
7,393,114,135,150
1,393,100,114,129
5,517,131,147,186
6,583,101,113,123
7,388,116,140,160
2,441,108,123,135
9,356,110,142,172
6,522,103,117,128
3,392,105,113,119
2,432,104,120,133
7,389,109,129,144
9,423,109,137,161
5,476,147,157,196
7,407,117,133,149
9,398,112,144,175
9,416,110,139,164
6,577,101,112,123
3,447,107,114,120
6,560,100,115,126
2,439,104,119,130
7,397,118,134,152
6,538,102,114,125
5,543,121,145,172
3,427,106,114,121
3,412,100,107,114
8,344,93,129,160
4,610,99,115,130
4,583,104,118,130
6,556,103,117,129
1,342,101,117,131
2,467,106,123,137
2,434,102,117,130
1,345,103,117,133
5,474,137,148,183
3,425,105,113,120
7,411,108,129,149
6,589,103,119,131
7,403,111,131,150
9,418,119,155,176
5,526,134,148,181
8,415,95,129,163
3,415,106,112,118
8,395,95,127,164
3,410,103,110,117
5,506,151,163,198
7,394,109,128,147
8,393,93,132,159
1,356,103,119,135
6,560,101,114,127
8,343,96,132,164
5,450,125,149,175
1,362,104,119,135
9,418,111,141,165
2,493,103,120,133
5,513,144,158,191
3,395,103,111,118
7,382,118,139,163
3,403,104,112,118
6,579,100,115,126
4,577,105,120,135
2,447,104,121,133
4,600,104,118,133
8,366,92,130,161
8,388,96,132,168
6,561,99,113,124
5,470,130,149,177
3,438,100,107,114
1,347,105,120,134
7,409,98,121,147
5,473,151,155,196
5,520,131,146,180
1,321,103,117,131
7,362,109,133,156
1,378,103,116,129
6,577,103,116,127
4,607,111,127,144
9,454,110,136,160
2,467,106,121,134
7,404,108,130,150
2,417,103,120,130
8,334,91,130,160
4,586,101,117,132
-1,245,95,154,198
2,459,105,120,133
4,597,101,117,132
8,337,95,129,168
2,411,105,119,130
9,383,102,138,177
9,379,108,142,173
8,356,91,128,161
1,343,105,119,134
6,561,100,116,127
7,371,104,124,145
3,419,104,112,120
6,567,104,118,129
8,361,98,129,169
1,344,102,116,130
1,316,104,119,135
3,402,104,113,120
3,446,103,110,116
7,378,116,141,160
2,456,110,126,139
8,377,95,128,161
4,633,102,118,134
5,502,149,158,196
3,424,102,112,120
7,393,116,136,148
8,342,96,132,167
3,408,103,111,118
6,576,101,113,123
1,358,106,120,136
7,350,108,129,148
5,458,131,149,179
1,343,104,119,135
5,451,125,150,175
3,393,102,110,118
8,344,98,135,166
7,416,112,132,149
5,405,126,145,174
5,559,137,149,189
1,348,105,120,134
8,379,92,125,160
5,554,140,150,190
-1,409,78,137,166
3,383,105,113,119
8,332,103,138,171
7,367,109,129,150
2,430,101,118,131
2,438,110,126,139
6,540,98,112,124
7,374,106,126,144
6,535,103,116,127
2,427,101,118,129
8,417,94,126,158
7,367,101,123,143
6,541,104,118,131
5,515,131,145,179
1,326,108,123,139
9,425,119,152,175
1,347,104,119,133
3,422,103,112,119
2,495,105,121,134
9,394,114,144,169
6,593,103,117,127
1,355,105,120,135
7,397,105,126,148
8,340,99,132,166
6,569,100,114,125
2,474,108,126,140
2,450,107,123,136
5,552,140,153,189
3,404,104,112,119
5,532,146,152,197
5,563,146,154,197
6,566,100,112,124
1,341,103,119,133
2,446,106,122,135
5,511,118,140,167
4,631,108,124,139
4,595,102,118,132
6,570,100,115,129
4,627,110,124,139
1,338,103,117,132
1,358,107,122,137
2,442,106,122,132
8,382,90,129,162
1,329,103,117,132
9,371,112,140,163
6,590,100,114,126
5,509,142,152,192
9,409,109,138,162
7,350,102,126,148
8,365,88,128,159
1,354,101,116,131
8,333,98,132,167
2,470,102,119,131
7,380,99,121,143
1,375,106,122,136
2,449,102,119,134
3,398,105,115,122
6,574,101,112,123
4,591,113,130,145
2,438,108,124,136
7,390,110,131,151
4,596,100,117,132
8,368,89,125,162
1,325,102,116,130
9,439,110,139,162
5,506,142,152,188
4,579,100,116,132
5,561,126,142,174
2,433,110,126,139
3,411,104,112,119
5,516,124,146,172
8,334,102,136,170
8,373,93,134,169
2,463,111,126,138
3,446,103,110,118
1,341,103,119,133
2,443,107,121,132
7,375,112,134,152
7,386,109,136,157
9,399,106,139,165
5,467,156,162,200
7,371,109,131,153
9,373,113,145,174
3,438,106,114,120
7,381,110,133,152
2,430,103,119,129
4,577,109,125,138
8,357,89,125,159
5,507,154,160,200
9,422,113,141,165
9,353,109,135,160
7,369,116,137,160
1,349,102,117,132
6,568,100,113,124
2,430,108,123,135
7,404,107,127,143
9,382,122,155,173
9,440,102,137,169
3,468,104,111,117
5,525,129,142,170
4,599,101,117,129
4,595,108,123,137
6,551,101,115,126
5,513,142,151,194
8,393,98,133,169
9,401,115,151,173
5,518,147,154,194
4,580,99,114,129
6,520,98,110,120
1,315,106,123,140
2,439,105,121,133
3,430,103,113,121
7,424,119,143,164
9,402,104,135,167
9,413,105,141,171
8,376,97,133,171
-1,451,110,174,208
9,401,103,134,159
5,455,142,147,185
3,398,105,114,122
7,393,114,136,153
1,359,108,124,141
1,328,101,115,131
7,412,112,135,154
6,528,99,113,124
3,417,106,114,120
6,565,100,115,127
5,541,121,143,168
8,382,98,132,166
3,429,106,113,119
9,406,117,153,172
7,390,121,142,164
5,490,136,145,179
9,454,110,139,163
5,498,143,151,193
1,345,104,117,133
9,400,102,138,171
4,562,104,120,133
7,387,118,138,156
3,421,104,113,119
4,585,106,123,137
3,369,106,115,123
8,374,96,133,165
4,622,109,127,142
2,449,107,125,139
8,368,94,129,165
6,579,102,115,126
6,573,103,114,124
3,414,106,114,119
2,467,103,122,134
6,510,101,116,127
9,434,111,141,164
1,359,105,120,134
5,496,117,140,167
4,645,108,124,139
7,400,115,135,156
5,567,143,158,193
7,363,104,127,147
5,461,129,143,177
3,388,101,109,115
5,520,126,142,173
4,567,101,116,130
4,623,107,125,139
8,348,92,128,164
1,371,102,116,130
8,382,92,126,161
9,392,107,141,175
8,366,98,134,170
6,574,101,113,124
2,457,106,122,133
9,438,111,142,165
8,368,89,128,158
4,608,109,124,140
-1,370,88,119,176
1,381,106,122,138
4,613,102,119,136
3,394,104,111,117
5,491,158,166,202
6,552,101,113,123
1,341,101,114,130
9,418,114,148,170
2,469,103,120,134
7,400,115,136,154
4,617,102,118,131
7,388,113,136,153
8,357,95,131,167
3,420,102,113,120
5,499,139,145,187
7,345,115,136,154
9,377,112,142,165
4,586,105,118,131
4,596,102,117,131
4,567,107,123,139
9,396,117,150,173
8,356,95,130,167
8,383,91,126,160
5,553,145,156,193
2,437,108,126,138
8,390,92,128,162
8,395,97,132,168
1,349,103,119,134
6,564,103,116,126
7,387,114,135,157
5,526,153,161,200
4,579,101,116,130
1,333,104,121,137
5,467,152,153,196
6,546,98,112,123
4,606,100,115,129
3,407,103,112,119
9,390,114,150,173
8,377,97,136,169
5,570,150,162,200
1,367,104,120,135
9,388,106,137,165
7,417,107,127,143
6,603,104,115,127
4,633,107,122,136
2,459,109,125,137
2,452,106,123,134
9,373,111,146,175
5,589,125,144,174
3,388,102,111,119
9,433,114,141,161
8,374,101,131,167
1,348,109,124,141
3,418,98,106,112
3,433,104,113,120
3,386,99,106,112
8,375,97,127,165
8,371,90,128,159
7,401,117,141,163
2,455,107,120,132
9,412,112,140,164
9,413,103,136,167
6,551,101,113,125
2,424,101,116,128
1,363,105,121,136
4,636,101,117,132
4,594,106,121,134
2,442,103,119,130
1,341,104,119,134
8,425,94,126,164
3,412,102,112,118
9,412,108,144,176
1,374,104,120,136
1,355,106,120,135
2,423,109,125,137
3,455,105,113,119
6,534,97,108,118
5,474,136,149,184
6,589,101,115,127
7,401,114,135,150
7,398,117,140,158
6,568,100,112,122
8,337,92,129,160
3,420,103,111,118
7,401,120,141,159
4,631,103,118,133
3,424,104,111,117
9,408,104,141,176
9,405,106,143,177
2,450,101,117,130
6,591,101,115,127
5,539,139,152,188
7,365,105,125,144
2,444,109,125,139
7,352,103,128,151
8,354,102,134,171
7,349,103,128,150
9,378,103,135,164
2,433,109,127,141
-1,267,100,153,194
1,370,101,114,130
9,423,108,143,174
1,326,106,121,136
4,584,111,127,141
7,393,104,124,143
4,571,110,127,142
9,432,118,147,166
1,350,106,120,135
6,563,104,119,129
7,431,114,130,145
1,379,102,117,132
7,344,108,134,156
1,369,104,119,132
4,633,104,118,134
1,352,106,121,136
-1,342,98,157,197
5,512,123,143,174
1,350,104,119,134
2,465,107,124,135
-1,344,89,123,176
4,637,108,125,141
9,409,118,153,175
2,485,103,121,134
2,477,105,122,136
7,365,107,131,152
3,462,105,114,119
4,613,105,121,135
2,467,104,120,133
3,421,103,113,121
-1,406,88,135,167
7,379,111,133,148
3,394,101,109,114
9,416,107,140,165
1,373,103,119,135
2,444,102,119,131
9,426,110,139,162
2,447,101,115,125
3,428,104,111,118
7,344,104,129,151
5,491,129,144,183
6,535,99,116,128
7,383,104,129,149
7,407,108,132,148
4,588,108,126,138
7,384,116,138,154
8,368,91,129,160
8,354,92,128,166
7,393,111,134,154
5,493,142,151,194
5,540,134,149,188
1,328,104,118,133
7,389,108,131,151
1,344,105,119,133
6,559,101,114,125
9,405,109,140,162
1,370,101,117,133
7,360,109,133,153
7,390,112,134,153
2,454,107,125,139
